5.100025029265678356e+00
2.336390278208306474e-03
1.160794445103700001e+00
2.362679350392856481e+00
3.887970270134758710e+00
7.198121540719925804e+01
3.257788440353628218e-02
1.528119301472055547e+00
4.688333121627541455e-01
1.931724301679878186e+00
3.373639490392790652e+00
1.869243342667584531e-02
1.115072085871750218e+00
9.714528102200287174e-01
1.062008290638919883e+00
9.665073456329949408e+01
3.977124441206403294e-01
1.922001734971458431e+00
4.782603931209237769e-01
1.753468866208984123e+00
1.760960790265716280e+00
1.883584388095835283e-01
1.436079947382545574e-01
5.019730149108007078e-01
1.551938435365663782e+00
4.130139171000706710e+02
1.473170227844468883e-01
5.083516897739752682e-01
1.211982420257692317e+00
7.602047910786160045e+00
1.867188420343707023e+00
2.094213424305099158e-01
4.558940154548500878e-01
2.379708977104982026e-01
1.275906477998683120e-01
7.482608850047770543e-01
2.836466941852455181e-01
2.681557076651989724e-01
1.450399786972069283e+00
2.162959464983743862e-01
1.483403766196225604e+00
1.073074216100807637e-01
1.574951746905113970e+00
3.923427530390411810e+00
3.776298987186462952e+00
1.230991345703051394e+02
5.072454530673892875e-02
3.450261274068134876e-01
4.691805712127238848e-01
1.431340902045291852e+00
1.095250835178809501e+00
1.537475399960367695e-01
8.476314369565509654e-01
8.999299342866687867e-01
1.710484853473916544e+00
7.440648755713513651e+01
2.095014301591968317e-02
7.860665961958959169e-01
4.104053954518317449e-01
5.977757658264246654e-01
6.331604772507334888e-02
2.002040538312290993e-02
5.238916447419763145e+00
1.479388233749198589e+00
7.050724424074987784e-01
3.209178027006687195e+00
1.734470525075300917e-01
7.409047356536830442e+00
2.997340664586187753e-01
2.218619893489236272e+00
9.088494150296138052e-01
4.557781056548760451e-02
2.816934022247545411e+00
3.016532981848992545e+00
1.388510839749016679e+00
1.624598141801146411e+01
2.985891316965826395e-02
1.109453734454363794e+00
2.330170061901986056e-01
1.985507005328846120e+01
7.175679923281641095e+02
1.719269222178531620e-01
2.074372023297511802e+00
4.155753972128322538e+00
4.579775495732239521e-01
3.347959720097967562e+01
2.015047265717286318e-01
6.040756123396540112e+00
1.089740914457496990e+00
1.113834663244565926e+00
7.847830577389092355e+01
4.108376421728262076e-03
5.472374118254117459e-01
9.377841696036938179e-01
1.083463282946320438e+00
2.968703106745548439e+02
1.326351954847685734e-02
4.050579794498635700e+00
7.619938503051409961e-01
7.238297596420333324e-01
3.494218856962868713e+00
6.028662122754294139e-02
2.159929687894451167e+00
1.600670838565751708e-01
1.670932392828083035e+00
4.769180487859239292e+01
1.656709439368801717e-01
1.876104990564630703e-01
1.453464670816536353e-01
2.734435992538052584e+00
1.070423194826107789e+02
3.887306806046950808e-02
4.120798321471058401e+00
8.265252380473005200e-02
7.895610642092533160e-01
5.829838837466625137e+02
2.560614304364258742e-01
4.260218634713500485e+00
2.021546957334397279e-02
2.605940735895902804e+01
2.560323348568177337e+00
1.525719376622565460e-01
5.368624691571400875e-01
2.677946658134351843e+00
1.058646881031674036e+00
2.325477040347555544e+02
1.308743239609368170e-01
1.620906686858353707e+00
5.030967954937979464e-02
5.762550285580683163e-01
1.702678719386580326e+02
1.828765582536038548e-01
1.438443052184851245e-01
4.128987391936801005e-02
1.145435751750272013e+00
6.189477356040702816e+00
6.558320220093279140e-02
3.191721741945613977e-01
1.306845760868636797e+00
2.089114943079977138e+00
3.422120851649184115e+00
4.176936887786573960e-02
4.443606675272271378e-01
2.566961121095911569e+00
1.013917433222800035e+00
2.918117057588544299e+02
2.729927861787587173e-01
5.519340789459294072e+00
4.190119639623802961e+00
5.423141146198289658e-02
4.258936462484570473e-01
1.244941902780057237e-02
3.129983728239572827e+00
6.387719407666850868e-01
2.037077768405959610e-01
3.191936173197481352e+00
3.468536075025811793e-02
4.123386072803086333e-01
2.846736047082419341e-01
3.427782051658651574e-01
2.142373083722946348e+01
1.080776457198453534e-02
1.045531691114101047e+00
7.595768873926160847e-01
1.236506134752153985e+00
1.351514610400940910e+02
2.660418775837462002e-01
4.150530927700244455e-01
1.269536308522331236e+00
7.391913185907861283e-01
4.809380319341124199e+00
3.642744457386710294e-02
1.594220659349312452e-01
2.854874770181529353e+00
4.151100784244191821e+00
3.648163141716706637e+00
7.057398066526529568e-02
4.467452947372540506e-01
1.245535697490235405e+00
1.259731532776958263e+00
2.923589382384797375e+00
1.147152354209884512e-01
2.341170666765192143e-01
1.023553104467147090e+00
6.257844789828957976e-01
2.439573594360222444e+02
5.666677879782958463e-03
3.806982682042392430e+00
3.783103457031952027e-02
2.936756163440745748e-01
1.236833870319711259e+00
4.317201220789836785e-02
4.011958234976386040e-01
1.874964653422905192e+00
1.017005640703593894e+00
2.686522283116129284e+00
5.720999292760790833e-02
6.500673896412798580e-01
5.484208915512567284e-01
1.298096574896132838e+00
8.279169092758458248e+00
1.167022714582914844e-01
3.230470456118801348e+00
2.582227769945242279e-01
2.062217198711107091e+00
1.369243017907570414e-01
6.833386991516632140e-03
1.763346378090629107e+00
2.757514534670193918e+00
1.301088327202733819e+00
3.890771928797271784e+01
3.830645267772582463e-02
2.481618893201209097e+00
2.765409539912602632e+00
1.157617388300049843e-01
7.291792895394382867e+01
1.017523899791393238e-01
9.406078639343778969e-01
5.390062201071805364e-02
4.571340054956976595e-01
8.735845402579748287e-01
5.586385070357879207e-02
2.859121605730939875e-01
2.006004708321972974e+00
3.095188492978727446e+00
8.844668767634831852e+01
2.996265805181148184e-02
2.491259219606436481e+00
1.167745249912314209e+00
2.648427941709041028e-02
9.332586971093837391e+00
1.145912501555864882e+00
3.770894612863321615e+00
1.801051170147074248e-02
2.283592789678762225e-01
2.468423441824284303e+00
1.089380993025904909e-01
2.510183794998597229e-01
8.169365487003668047e-01
4.550151279097477963e-01
1.269451045272264480e+02
7.661369317177191274e-01
1.816342517256479550e-01
2.727309406916645362e-01
7.307678622920059652e-01
2.754547991618920832e+00
2.113506157978584099e-02
1.331103653773637374e+00
2.294310483861014660e+00
8.607574755899537189e-02
2.100395686503431225e+00
5.106108623821043607e-02
3.680286639255974657e-01
1.364396771134584130e+00
7.937216272661999916e-01
1.262727968959681846e+02
1.432738852846889288e-01
1.980508264214478689e-02
2.129034438427171327e+00
6.174588329204462323e-01
1.224464703782237152e+00
6.648875150592045702e-02
5.100201613856288063e-02
1.455265913209965178e-01
9.164580690292206677e-02
1.990521990228164784e+00
9.449546447151285777e-02
1.297657332524889462e+00
1.581818678878527396e-01
2.365105863769488281e-01
3.325958227970065906e+01
1.459855142251555993e-01
6.006843920934346492e+00
3.710986587796467895e-02
1.347130128724598253e+00
2.384458791282802359e+00
1.184207644457410530e-01
5.171660383261769134e-01
2.151390562135519768e-01
1.345029531020932367e+00
2.252647278057088442e+02
6.198776152261577244e-02
3.115339491886230050e+00
4.245627781059177486e-01
1.234130804902101364e+00
3.453335846942285059e+01
6.001266307968473185e-02
1.144900280707357387e+00
2.952012758542535309e+00
1.189662381650576251e+01
2.578390352252656559e+00
1.387417281049874995e-01
1.254035109752857702e+00
8.956682058250151623e-01
9.314689907271036517e-01
2.117940096471497391e+00
2.072137373650081438e-01
1.983069830464749828e+00
4.328803558068567425e-01
3.002230812704474783e+00
3.368341459725372289e+01
4.071339445754332265e-02
1.911680546729382923e+00
1.166056696981944557e-01
2.424058353855987613e-01
8.471968995912982692e+00
5.384824876595391968e-02
1.748619927636209104e+00
5.907934060888692329e+00
8.698537751056302225e-01
1.856333622245605275e+00
1.284632444854963973e-01
4.970286567504360598e+00
2.032226044241762231e-01
3.563752533301282055e-01
2.693315889230854410e+00
2.905337532977306791e-01
9.174784381530197708e-01
7.137350869325452818e-01
3.486271509438174654e-01
1.438582689971654505e+00
3.072309774927154957e-01
1.361073888321666370e-02
2.823775871231692380e-01
2.113691946782588538e+00
4.951742146641657172e+01
5.405190540150449797e-04
1.309079767725223276e+00
8.839164652748676687e-01
2.572735259200479518e+00
1.665782844674498220e+00
6.306704502297018344e-02
9.310313936345853136e-01
5.459215290832696299e-01
1.669246289689945595e+00
6.605956767745225436e-07
6.899405680471219771e-02
4.456716202825139916e+00
1.205148271320256370e+00
2.910093698740032409e+01
2.125457034516283983e+00
6.754103478340213462e-02
9.720805141752069112e-01
7.930175511502740582e-02
8.828349517984022121e-01
5.670174215773261750e+00
5.952650686341976610e-02
6.942766809916804949e-01
1.033307360921994711e+00
1.247398027085900196e+00
1.509401321478442082e+00
1.054564913887992561e-01
1.404766549629091976e+00
1.101664999276554147e+00
6.600653424778174738e+00
3.029141168049454436e+00
1.343439288302269163e-01
6.548439713985997557e+00
4.845679081445746772e-01
4.400454086175136781e-01
7.514465383942075505e+01
4.579270660558010936e-02
5.572732421959483151e-01
2.600723905507608347e+00
1.336775939602892205e+00
1.547167955106007575e+00
3.629321546710293639e-02
5.437962623088165026e-01
1.105045750630195611e+00
6.167548644343862074e-01
1.576118898973082310e+02
3.940867835053673586e-03
4.207662995957076602e-01
2.423239062526636900e+00
1.316202375042094141e+00
3.227702315981448855e+00
3.081454920403636430e-02
3.936681002155389963e-01
5.706403059615519080e-01
1.101697426586064843e+00
2.463962597294854451e+00
9.932349508161926466e-02
8.261281033443951261e-02
1.161427973854618267e+00
6.525043138736121018e-02
2.215861790601842927e+02
8.915612524579497045e-02
2.361311934567032811e+00
1.543972683120160339e+00
9.758379574820835733e-01
4.003497313624164633e+01
6.859758777590932444e-02
2.556776712964998755e+00
1.014669257465632742e-03
5.266101124109349740e+01
1.265885898498906244e+02
1.826780636004289582e-01
1.269605129050455916e-01
4.614771926926343748e-01
1.232723648031375907e+00
5.069190524404182270e+02
1.469462016074694066e-01
6.552491186380385635e+00
6.605630067561979457e-02
7.810127684754135657e-01
8.396979849946145436e+00
2.352290442211618093e-01
7.980354448372431797e+00
5.844575651503943758e-01
2.094485588995840697e+00
1.266514217653064378e+00
2.954331081349069743e-01
1.499895697661610239e+00
2.618681098672589469e-01
6.661839717634655544e-01
4.181336207704820507e-01
1.178071467697924951e-01
1.168451690928514530e+00
1.520973338408562747e-01
2.792195581496170753e-01
4.364222255499824676e+00
1.656051519045260434e-01
2.484695977173284387e+00
1.477931884294313158e-01
5.410698640710274177e-01
1.505935570116793087e+02
8.262748751931317526e-02
1.353712569128509235e+00
6.625210544819185032e-02
3.989246106965075978e+00
3.175054920333951536e+00
1.504387460557676248e-01
2.159153362732351589e+00
3.681140498368699721e+00
8.978336813140219697e-01
2.675683326689341612e+00
1.105527247689786496e-01
3.119831163017467102e+00
2.198567661148284891e-01
9.954132967442665958e-01
1.443824559457921168e+02
2.507701776554824985e-02
4.756404825198947139e-01
4.920677527736105006e+00
2.777270070240849709e+00
1.452914402591506189e+02
1.071100516942726233e-01
4.982617993263142170e-02
9.328176879604229699e-01
7.545621410477301172e-01
9.597697621902979703e-01
5.637755327861354582e-02
2.499993296903440854e+00
9.883883240767983303e-01
1.596705210308468070e-01
4.036641356239271339e+00
1.425896787644798380e-01
3.405564758900393674e+00
1.160053138606064849e+00
1.088266498329264698e+00
2.965490289221699438e+00
2.090423256970823720e-02
5.009919064079971562e+00
4.049888183503409067e+00
2.520403639674964613e-01
1.145364124626690483e+02
8.277966037985581144e-03
5.892333473225056517e-01
1.549916971805672394e-01
2.755297391388925599e-01
1.977138195494411264e+02
1.685903434581305371e-01
1.761846221594179474e+00
7.657767912634989571e-01
1.196214320699331646e+00
1.031305464397768823e+01
7.355669643587312012e-02
1.004013538267320760e+00
3.901276460787529432e-01
1.022348373130574295e+01
5.185725937860630186e-01
5.615010368851926920e-02
2.284082748922810602e+00
4.197563005390071988e-01
2.078298934248090923e-01
5.658855106878472263e+00
2.775587144767621434e-03
1.358319638952781849e+00
9.066941355980961958e-01
3.794240726880588888e+00
4.150527225136074527e+00
8.621254413318327203e-02
2.020431957602882189e+00
1.771619751827676170e+00
1.674815832596716847e+00
5.593517045130105281e-01
1.406830719865458379e-01
7.339394231518379108e-01
1.844910599851661281e+00
2.650845308395912259e+00
